1348
5277
7223
9177
7488
5286
5788
208
41
8172
7783
5242
6408
4288
3396
3771
3146
6379
6515
5515
4721
4979
9288
5556
7049
6679
7536
1122
9180
9917
65
1075
2385
9935
7202
506
5146
5248
6171
9027
579
2771
8536
933
2021
3961
423
3281
3644
8548
9503
9539
540
4404
2855
3968
2253
8247
847
6314
2521
6135
9481
4757
1744
1897
6775
3775
2078
6472
5183
3085
2003
2792
5447
6632
7850
4981
6263
9320
9425
303
8041
6031
3714
9599
1521
9072
2346
9474
7501
5542
9563
6507
8152
1549
6042
6107
7448
5111
4872
3634
3971
38
1472
7039
4854
6091
8888
9475
4752
1661
1747
8576
5484
8331
9804
5325
5602
2599
9883
8295
2081
5699
2614
2220
6847
42
7685
9082
1975
6435
3748
4731
5707
1258
9645
7283
8836
2996
4695
2775
7623
1181
4279
3342
8737
1939
1964
9453
7782
5032
4185
5535
8318
7165
4106
7364
4698
6985
3498
3645
7726
8475
5503
2207
5360
1271
1821
9452
9371
2972
3598
4184
8556
6030
872
2102
9459
6882
7162
8538
5396
6556
5528
34
3184
2890
9307
3592
5362
244
3298
311
6342
5437
8654
1261
9375
3225
2904
5995
8899
9540
6680
1814
9203
970
3296
1853
9607
7594
597
1280
1956
9980
1298
2564
4051
94
5937
2974
5246
7356
5276
3721
1103
6638
161
9899
8931
7602
6541
6220
6169
1825
3770
6074
7176
7203
7473
7118
709
2920
784
6457
4858
3943
2206
7466
3914
56
1151
7788
2054
4151
9324
907
4276
5864
6048
2888
2388
9283
1123
5418
9612
2471
7095
6448
1988
4301
7668
7485
1506
1461
6449
3130
1976
6575
7317
8060
1767
8462
1511
6648
883
3312
9447
1162
385
7385
180
8749
871
9166
807
2485
4126
6119
2692
2070
9665
2443
3391
6772
7727
8515
1035
217
5488
6595
3435
2649
1867
1198
82
6353
3543
3038
7670
8186
5912
9017
9688
9015
9964
9497
6160
9077
6994
5667
2242
5369
9337
5144
4517
5011
4609
998
6504
9555
7344
9121
2719
6783
6355
8735
6544
1416
7016
4594
8532
5907
6618
8222
4962
3442
788
2181
1133
2332
189
9515
1738
2394
3444
2762
3163
1110
5823
5884
8328
3030
1210
4320
8512
6564
7745
4161
5909
1699
9583
2461
9089
6089
2256
6793
9464
3013
490
1450
8574
5972
8854
8936
7013
33
8759
1049
1786
4802
2995
7924
4993
6547
7198
7222
2460
2479
7702
5202
2935
7105
4874
3568
7409
5508
6801
4783
899
3122
9204
1218
9201
3279
5744
8079
7319
9528
7061
481
4705
9800
2230
1851
1385
1722
6431
7089
1211
6275
6529
4562
4965
4132
4558
619
1891
1436
6441
44
2101
2881
7152
974
4173
9992
3217
8050
4761
1612
6470
9052
4601
8570
1669
7915
8802
8544
2042
2659
3816
9326
8771
5195
9001
7088
3506
3712
1603
2801
9797
1129
4488
5134
7277
7757
6127
5282
894
6538
6087
3769
8179
4311
8529
8730
79
3067
4287
4189
9627
3267
6261
368
1169
5017
4314
2703
7863
7961
6376
2509
7893
735
8278
2456
613
1256
3766
9008
5857
6571
7248
4991
1424
2022
6238
1969
4792
3705
622
2386
3602
292
4967
9043
8577
6580
8230
6231
8340
2759
8496
6657
9449
1241
8031
1872
7269
5236
4416
9063
6543
3848
153
9657
3419
1849
6251
8665
4909
7226
5492
5604
2561
2566
9276
8343
163
9885
6516
2815
1908
3813
4590
3852
2464
4544
9070
4771
8813
5573
9402
198
4608
4091
4530
9856
8176
9139
8359
8881
4976
3177
3565
9455
6335
3731
7266
387
8519
9162
5759
9490
8044
7240
868
9864
6616
4085
1578
5233
9222
2398
5829
7147
7502
5117
4347
5112
3996
4607
6885
3758
951
8191
5718
3387
2529
2828
609
5963
4937
105
7052
6824
3409
5174
3648
834
233
3346
4264
6001
9951
1648
9007
5139
113
7462
2679
3567
9736
1282
2878
2250
4191
2359
9549
5430
362
825
8330
6634
7743
5580
2783
5191
397
6133
7007
2150
479
6044
4930
3238
3857
2936
2538
6651
9929
1592
8547
8075
8815
9129
2274
7758
1532
9824
7070
4269
6445
7751
2219
9621
5259
8952
3198
1360
6995
348
375
7239
5517
1567
3103
6636
3261
3550
6356
9454
8996
2778
6683
6644
5728
5110
3562
1632
1455
8380
2188
3150
8283
341
856
8202
8301
6178
8868
8245
1550
2295
2343
2945
3369
6816
8638
6677
9745
6987
8601
68
9988
8203
9679
4043
3872
7983
4841
3321
3578
573
6212
2761
2627
4950
9391
7933
6417
1617
7531
5182
9519
8816
3987
6654
8042
9718
5240
1081
1487
9477
9170
5683
5790
2625
6551
751
1691
4199
4773
9748
9781
2581
5420
1419
838
5249
6210
6400
4507
7790
1833
6734
3624
8724
5170
7346
6259
2697
6517
5850
5650
2174
3135
2088
2409
120
9602
5597
9770
4956
1415
8551
7449
7982
3344
7450
2808
1673
2159
5106
9083
3159
8835
5020
8309
5023
1091
2847
6172
3171
2320
1926
9384
5973
7935
9034
4697
2
1854
5296
8465
7695
6090
8425
1636
476
3082
3272
3882
8647
202
5908
533
7918
8780
1023
3988
7459
4118
9259
7615
5198
6333
9197
8507
5350
5567
6072
9780
8212
4823
9623
3183
804
1011
3277
3533
6006
9531
1905
3116
4559
3552
8953
9696
4722
2079
6004
6116
5914
8384
4158
8686
9968
7180
7768
2870
2047
2958
3744
4747
4484
763
9151
9565
4810
8542
3574
3962
2164
8157
6064
8621
6378
1262
4297
3301
526
7315
9255
604
4323
9671
7455
2831
7878
5570
7148
4838
4948
754
7819
4354
6577
2597
7986
8769
5196
5758
1489
3674
4834
6873
2158
10000
8991
2862
2422
6922
1358
8208
713
8363
4139
5965
8286
5269
8169
7940
3020
7224
6364
5255
3558
9000
8875
7422
7865
6948
8335
6608
4884
7158
9267
8995
4475
5791
7027
9385
5592
2941
6927
8305
1510
2374
6498
8803
843
5349
6082
891
7365
8388
612
9068
5617
4167
7504
3716
8261
3703
8443
3380
9079
2588
1629
1522
646
3151
8319
3231
9815
2442
9659
9972
1136
3515
384
9631
3076
8659
5944
7417
6965
9009
45
2392
9744
6385
3819
3917
778
8843
1158
1751
7141
4805
485
7557
8501
9258
8084
509
7421
7011
3077
3056
2610
4860
8143
1634
4794
4963
5740
7609
484
8874
2419
5891
9369
8932
1917
8226
7856
9345
9588
1247
9051
343
6697
2585
8721
3032
3294
7699
3843
383
5200
7513
6731
6239
1688
3288
1898
9820
9413
6034
2037
6459
9545
4951
1187
1374
1785
947
4780
4687
6224
6747
1930
6716
413
9808
8010
9432
6343
3660
7723
6730
3222
1948
4992
1296
9161
6380
4379
4465
3145
2114
5661
9106
2019
3162
8810
1090
4394
2506
8254
773
9768
2800
8101
6372
8540
3035
3068
4424
748
7796
8211
8614
5
4179
6708
1837
1763
5867
8812
5371
5812
1350
6162
8315
2288
2982
5212
6086
4547
9407
441
5636
4523
1100
8308
4182
9346
2426
2514
2189
1281
9440
924
6095
1599
4933
5612
5769
3514
8594
200
4728
3414
4595
7392
2433
9571
884
908
1960
9149
5678
5027
5717
111
8700
1422
4503
5060
3512
6360
2324
9110
1600
7189
2998
4123
3443
7963
8160
8652
6881
2057
3058
7664
7902
6129
8349
4079
8834
6665
4785
5345
8135
9774
1502
3896
9765
436
7321
2741
442
6539
1985
6506
4988
5104
6373
9672
5159
3048
2289
7720
425
4926
674
8163
7563
9153
3260
150
928
5278
6367
3332
4260
679
7800
1287
5022
2240
4850
9101
6837
4376
5572
7442
9816
7713
1171
4889
2045
734
424
6306
9114
9701
1367
1045
4188
4560
2903
3308
6743
4984
7651
8962
4223
9535
3680
5711
4779
9055
9295
7294
230
428
2829
6996
8037
3143
512
6817
7460
7229
5299
8895
4400
32
9532
7916
683
8774
9739
9525
6778
3465
5954
7129
2224
9589
237
975
6840
3530
3285
2066
8684
4196
2437
3119
3749
5810
5869
3195
211
8566
7404
5987
8541
2618
7009
9803
4898
915
3915
4073
8983
9442
9603
7467
2769
8719
5358
2246
218
2290
1130
3385
196
542
2911
9502
2752
4417
9867
3919
7894
5266
9928
787
502
1389
57
5620
5624
5760
2539
2955
338
6820
8049
2772
7931
7719
1413
3986
4040
9493
6818
5479
7292
5741
916
1922
9382
9850
6114
3110
641
6076
1445
8003
5729
7330
6285
500
4652
320
7108
8778
9733
1598
3786
4341
2303
7322
2819
3236
3633
7476
6659
7285
278
229
4109
3851
5257
8704
5305
3916
9014
2075
3753
1992
254
3651
4214
8486
9433
2238
5102
1275
97
6070
2817
5917
7183
7538
3400
725
5290
8282
9743
3136
8989
350
4689
1804
4682
6777
7290
552
1884
9871
4535
6712
3794
1394
5414
4680
5193
8454
439
1527
1115
8938
8864
5808
4888
831
6812
7849
3806
4706
9358
5318
4093
3028
5518
902
2552
1458
7569
7781
6582
6299
3486
4945
6537
3587
5036
2916
6105
5614
284
2069
61
6292
8316
2683
29
4176
8497
1513
6952
6917
5084
3830
2283
7535
6007
8646
5297
3881
6905
7193
337
4592
708
5613
4298
4159
3006
1017
6766
6725
4683
2391
351
5365
7546
1466
942
7688
6180
9965
7564
4862
2393
3787
9323
776
9107
2001
3957
5601
4627
2531
6352
2348
3938
3234
4300
2425
5244
7186
469
6497
5593
3760
8445
6889
9359
92
7166
2311
9941
6701
2008
6012
4961
8770
1750
6530
1387
6396
9212
2657
2856
8559
4550
5536
2722
1615
4816
7616
4955
1530
262
5538
6329
4593
1858
21
18
6520
9556
5546
4432
3411
1734
6907
5988
4645
4309
8154
1581
1707
5395
2621
5456
9811
3473
1646
4078
6374
5046
508
9171
749
6311
2857
8014
2225
7104
1204
4002
4230
5092
6838
5501
8081
8300
7171
9457
4361
9877
3012
5705
291
298
2236
7539
5354
5222
6997
3891
1970
4183
7324
4368
5819
1843
299
7179
7996
463
8262
1076
8865
4039
4883
5124
9022
2175
6150
4733
7109
7571
3664
6081
738
1736
5143
996
2918
176
7475
3628
1875
8279
7199
1259
8620
1292
13
324
6149
1723
1391
1815
2273
8920
6421
7376
6046
1024
9884
5199
2377
4369
3954
9516
7275
2390
7661
6852
3246
516
3348
8882
2319
1009
7704
6073
2897
7561
9056
6874
3944
2304
5252
3496
7901
9150
5565
718
5897
7078
980
7360
8292
6569
5075
8353
4238
7710
6991
8173
4668
4825
8039
5130
5584
9011
2516
1913
2799
8502
6196
9841
2601
8911
9943
4293
5455
8766
3142
9501
8170
8853
5568
1972
8095
3328
6010
1302
7722
8206
6660
1236
3713
1048
1633
4712
7920
3485
7908
556
5378
8641
5801
1288
2229
8311
8861
1362
5466
9397
3580
8781
9611
7033
790
7471
3360
8011
9829
6425
206
8032
4551
7218
6855
5653
953
8910
3752
9839
7357
8116
7917
6402
7323
5089
5887
6662
8760
294
9184
5552
8289
8600
5406
6077
568
9546
1800
9416
8030
9753
1080
73
4169
5178
8697
1934
3670
9181
8310
1911
9094
9946
5793
86
7160
4527
2402
1686
3453
7303
7629
1539
4528
4031
2603
5950
2053
2979
8870
156
2344
9196
9694
7583
4938
9868
1366
6293
877
7428
5448
5664
1226
4735
8036
493
5789
459
6955
260
3284
808
7618
1817
8361
4628
4994
7859
289
6013
7764
4943
870
6962
7020
2305
9317
2562
8241
6849
9702
941
5486
3789
575
9376
7126
5164
334
4356
3255
5931
6118
301
9134
6617
4144
1310
3616
1002
1704
8048
2557
6942
6120
7628
2511
8020
283
743
9629
5483
2838
4833
9
1957
5800
5990
336
9564
7296
1733
2260
3445
7051
3484
1185
3363
6628
9006
8739
2323
4472
7505
2486
7353
3339
9650
4464
197
2630
4906
1935
1078
1036
8950
5833
5099
2902
5090
1026
7853
8976
2357
326
1119
3475
7956
7750
3518
2546
2109
6681
1505
8448
6854
2126
9825
2389
663
3153
3661
3293
8720
6993
6508
8889
2309
3895
4886
5550
7950
7597
3571
2056
7426
9678
9738
2197
9578
5999
5210
634
9353
5748
7121
7957
2483
1105
4894
305
2373
4275
3356
3652
1224
7138
5970
2724
919
7650
2092
9392
5581
2040
9760
170
245
3213
270
7706
6702
4653
6611
7584
5147
2275
2093
8980
1789
1945
1070
5151
2598
2121
959
2782
6890
1173
2684
7386
226
2763
4605
7048
3559
9048
6581
3615
9572
2155
750
5221
1408
6790
3074
4096
1025
5471
1498
4664
903
2212
561
1229
4027
4741
8294
9342
6100
6535
4235
4486
3888
1523
223
8288
842
4359
5461
7087
711
3708
5858
4650
9073
5379
3982
8402
3043
4836
7142
8091
4137
9104
9709
7453
7578
2980
2094
7663
3016
2573
9484
2192
5057
3327
1580
4818
5312
8006
5851
4004
1485
2375
2110
8965
7596
7154
1882
6605
1902
6464
8682
9141
5932
822
7992
5234
450
4391
4389
8133
1564
5611
142
6574
1827
6242
649
4803
2062
6735
4768
8879
5773
1929
8756
6928
8256
2768
5271
2271
4500
4257
3907
5081
5166
1606
3149
8521
9669
9065
7761
8126
6941
5648
8511
5694
9942
8456
1944
938
9561
475
7316
2809
1968
5215
3600
7581
4913
3220
3125
8967
2432
4819
6381
8223
5960
8930
6822
7631
1873
6197
8430
1755
6863
1112
5656
4677
6918
4996
9085
5303
536
4131
2510
2010
2700
1565
9681
2923
3036
1937
78
3168
4578
2698
1746
455
8606
7721
358
719
4222
6646
6992
8121
5532
3141
5432
1457
3630
5272
3977
9674
2145
9750
7427
1979
2349
3884
5122
4049
401
7068
8350
3091
1658
5211
4807
4754
1471
7922
9705
8220
5971
607
6252
8416
8676
114
1300
8090
4474
3897
3055
6384
3942
12
9145
864
2946
1977
3393
1880
7529
6693
6233
6786
134
9900
4599
8129
1312
5412
6733
1444
9940
4332
1812
7811
5326
4213
360
3402
5085
19
8969
1681
3392
7096
4041
5399
7873
7648
2261
26
460
5007
3756
5781
1477
9285
5119
6036
5334
5885
9069
4064
5131
4974
9855
8679
107
6484
466
1552
2648
4390
6909
4171
560
8210
1952
875
1172
3632
1798
3883
6761
1356
685
9105
8726
5643
7465
9138
1244
9321
7185
5549
8136
5853
9731
7760
3534
3331
3065
1095
7446
8619
7626
6672
3765
6136
645
6875
5055
5540
7923
954
4149
2179
6079
5815
4579
4318
2686
4533
2637
3671
555
4204
1841
5925
6123
5031
6039
4233
7131
5701
6346
7238
3799
5553
1120
6974
770
6925
2440
1768
3695
8189
4710
8970
2876
9550
5820
8423
6117
4842
9206
5167
8877
9700
7834
4433
328
898
8369
2526
8219
1142
2764
4881
7980
9608
4336
2160
89
4651
1291
2948
7457
6630
9737
1675
1879
3021
7789
862
4067
7230
3509
7970
9030
1499
5438
9896
9543
922
8533
8588
7493
3561
1731
789
4385
9495
9845
7654
2308
6020
9756
5671
8374
3226
8074
6092
122
165
3517
8029
6451
8472
8982
7044
6336
1073
814
1916
7272
4154
2284
1835
2777
3345
7006
729
4460
2798
6229
7838
182
9187
4799
5551
5140
7939
7390
7348
1844
4719
1384
618
386
513
1031
1571
6496
1365
2816
7697
3827
3833
9252
5374
4107
9443
6063
9584
5659
4015
6791
2214
3232
3358
4047
7430
8717
7821
4585
2429
8489
910
3953
2112
839
6056
5293
739
7857
6463
3741
8528
8348
1116
1411
1377
6255
7174
2451
1326
3216
6458
8008
7612
8644
4370
1490
3244
1906
8221
4017
7914
7903
7787
4295
8217
3604
5108
2746
6495
3940
6115
9691
9400
2665
5442
6762
3078
1213
8948
2570
3492
9096
2267
2196
797
3001
6670
432
9478
7771
5086
7910
5053
4921
6102
9812
4602
9582
6029
7828
1469
9067
5956
2559
6177
1570
3102
7243
5529
2666
2843
8957
7809
8800
9932
8128
3673
1476
3000
4952
2931
1426
3316
7031
6663
7981
3264
4734
7139
9386
2624
5467
6491
9491
7397
9594
62
7802
1460
4845
3825
8968
416
6027
5764
5016
9622
1087
7646
5080
7548
6788
9028
2709
5796
8055
9275
6915
3186
5993
4372
7495
531
3133
7
4918
7582
2755
5100
7978
2131
36
6433
8089
8590
5609
4577
9287
1417
7069
3877
4946
8034
6815
4362
1537
1055
8105
2217
271
1062
6946
4138
1301
9663
766
6480
9692
4493
4920
9383
5561
7196
8453
9054
3370
3154
8537
7672
5896
7756
1529
7351
2262
4466
2026
4011
8552
9420
8451
8368
3054
5555
9403
6309
84
2781
5490
1868
3276
3049
1195
7640
7447
8395
5738
5756
4225
1693
2708
2715
6307
5145
8302
1836
1773
9989
9813
9934
4751
3922
2678
1572
6526
9060
4441
2804
9560
7875
5192
3566
7308
7028
8038
409
9610
2280
2505
7551
8002
7791
2518
370
6426
3
2297
1263
4272
805
3071
1054
3594
4565
5201
8598
2302
4679
6669
2661
7133
6594
9778
7334
4084
6392
99
1986
4638
9897
8444
4726
8000
9200
9341
2407
5524
9332
6260
5928
6327
8961
1590
221
5035
6895
4248
7974
5645
199
5765
8824
1200
5541
411
5895
2096
4471
3763
5901
6324
1331
3649
3613
853
514
6204
4583
4744
8605
9091
1329
5476
2871
4342
389
9005
3805
8483
8681
3638
6054
695
7207
7848
129
5994
1857
5534
9752
5825
9892
4490
3299
4023
9468
9469
2548
3172
5799
8354
6958
1357
1557
6698
6704
8751
5968
9947
1041
8045
7937
3372
3481
8683
8650
4330
2818
5010
1097
2887
4505
6228
4327
6146
6113
8470
503
2924
9269
4830
1631
2896
2017
352
6784
7092
7527
9656
9499
5649
2435
8057
2431
4642
2596
728
3523
8917
2787
7955
3287
7624
4813
563
174
5621
9254
5463
2667
596
4224
733
7195
8239
4165
8138
9377
1322
2387
8734
473
4624
183
9374
8016
3416
5578
1481
9448
1027
4986
6902
5709
6257
5634
1459
8876
8313
9713
9936
366
657
2577
3782
340
9480
7692
9910
9937
7194
5700
2414
3439
1398
2099
3859
4811
5745
7516
7064
2286
9290
7350
2535
6807
7302
5943
5981
8733
6649
1375
2124
5340
5150
9986
3361
8182
3446
3546
3693
9870
3668
9046
9771
7909
1677
7812
3572
2204
4208
9695
1321
1782
9167
8669
9152
2813
3739
3865
5666
3098
4766
9221
823
5339
9945
7683
9763
9360
8609
544
9787
7734
6326
8755
8817
8562
7988
1627
3608
1601
9509
9297
4508
7866
1290
8754
4789
8727
1998
7310
8088
1482
8334
6903
6237
5935
5926
3723
6276
7481
2310
1569
87
7645
1850
703
1839
1724
9208
2186
9057
9851
5752
1919
7762
2169
3417
304
8926
4120
5185
5061
4764
4640
2641
6908
1647
4068
3075
5539
2774
3129
2446
145
2449
965
1947
7424
7329
1652
2314
4344
2383
9461
3482
2163
4055
7347
1641
1885
8147
2823
3911
1757
6423
8085
3583
239
8213
971
2185
3242
9600
4042
7912
9462
2489
9430
5497
900
8508
2900
3547
3472
7588
7231
6173
3764
9249
3870
9912
2372
8370
4615
7391
9609
6688
4108
4893
1783
2702
3527
5596
3900
9137
5184
4622
5052
2450
90
6375
944
136
7090
8476
7063
4575
8762
4611
2024
2090
9796
5854
3397
1330
904
3170
2587
72
7234
4671
3347
3424
4817
1810
6038
3229
4531
7610
8418
1662
5824
10
4228
9792
762
9506
4781
9472
6722
4348
9639
4315
446
2604
2463
8694
4676
8849
2004
9239
935
3319
1573
541
6469
8890
4322
688
430
5631
5091
4010
6298
886
4649
656
6415
1828
7201
4087
3041
4455
4113
2513
7975
8649
3717
5757
6736
3379
9592
3584
1772
316
40
7810
2082
2954
5315
1826
4186
6157
8322
281
5008
5496
1889
2883
7492
1294
5846
4147
4110
1848
8490
1010
4897
2444
1720
6297
6241
8120
9446
2909
9232
7265
7714
5751
7130
3079
1766
5338
9585
8615
419
5498
9031
8264
855
4869
9914
878
9191
8410
3382
2560
7960
2710
347
247
2779
5691
4387
6752
1352
4352
3929
177
3340
2300
5784
4452
7532
2028
8561
8025
1645
3612
3746
3803
9195
5630
7523
2966
624
1994
2944
3167
667
1420
2237
9769
7895
1201
7959
6052
2707
5743
2507
9801
7817
6930
1642
1051
9890
8022
7994
6823
757
2616
7763
7977
1327
1043
2983
3209
9514
4822
51
8409
7132
228
8729
9740
8958
4724
2868
4574
6658
7515
2447
2083
5155
1380
6705
4302
4586
4241
5500
7169
8560
3305
6166
2228
1118
31
4343
3525
2148
8712
2051
7304
2502
7468
8860
7217
7008
6303
4232
7592
1555
3871
2747
8527
3736
8424
7444
7295
3044
6078
9339
2626
9849
4520
5128
345
2593
162
8130
3019
4401
8145
2445
1448
9852
4371
6717
5074
6201
3326
7251
7635
7359
2664
1000
9113
2716
5077
3191
9263
4890
9428
3412
6191
2910
4746
2676
5545
874
8093
5336
1684
4755
4299
3658
1260
157
8134
6267
7137
5939
3458
2690
4661
4231
117
6499
60
9998
438
530
6446
5834
2068
9790
1216
6002
1597
8908
3200
1488
6938
7053
4382
3375
7486
3215
8963
5989
4998
2738
1494
1141
9872
9636
1725
5335
4054
2492
2988
988
116
8627
8337
4076
9817
9595
3625
3581
4657
4333
2487
4584
2367
9389
8998
1067
1546
8158
6963
562
4917
6843
6933
4534
3563
5807
538
4717
7662
2574
2814
8358
1486
2595
7434
1596
3591
2642
3064
1710
9098
9018
9019
557
8526
2199
4422
2146
6190
7038
9913
5141
8779
5398
9762
732
1405
9993
1717
7425
9617
4821
7576
5321
4380
8795
6935
1101
4454
8246
125
2721
7001
9099
6410
3341
6621
9424
131
6603
1741
1345
5410
1742
188
2259
1284
2860
6024
4059
2757
2594
3715
2203
8329
2296
2307
6468
1756
8428
8386
4693
204
3609
3252
7797
3292
2154
3925
4112
147
5590
9930
873
268
8921
5169
8112
4925
2631
4056
4748
4767
9431
3080
4987
9194
3617
2011
8200
611
501
488
5739
8360
3793
7666
449
9257
9889
4669
9336
8837
2756
8481
4360
7896
1595
3359
6637
1276
7120
3343
4725
8564
6226
2611
6347
4749
6770
6361
2677
410
6904
5863
2482
8150
3233
1030
5843
1456
9939
633
8122
724
1997
6399
8435
4633
653
9676
8582
2767
377
906
3606
1694
8099
4908
1056
4247
4431
5737
4572
4546
9123
9367
3975
4125
1111
3450
6474
3745
4831
9124
7128
3700
2436
5273
7197
566
7979
4597
9210
7114
2933
7871
6871
388
8784
6023
6184
6947
7985
9959
4610
8277
6401
940
7216
8553
1605
2065
1183
5607
777
4395
6782
6357
7730
5835
6250
8389
846
5866
9746
2675
6973
5520
5275
9675
3926
5986
583
194
7655
5821
7046
5920
3499
691
7401
6416
6404
8822
816
1039
4543
6479
8569
7268
4900
7779
7919
9522
5030
3817
8078
2515
482
7262
8351
9923
658
8422
3682
418
585
1531
74
3501
9938
3976
6065
1925
2153
4532
5677
9661
3844
1429
2474
5673
6069
2765
7944
2968
9598
4001
8788
890
2371
2999
212
5980
8906
9828
1942
1042
1949
2329
681
7735
4321
3836
2299
6471
6601
6667
8108
1698
8964
6244
4656
5449
9933
7958
9590
3678
5353
7846
650
4540
2523
1695
6189
4198
7483
4435
9719
2629
2345
4244
5563
5171
8997
7021
820
5056
7632
6058
3061
1713
5009
6706
5024
6748
6413
3893
1933
1965
7435
9948
3554
121
9039
3202
5893
661
1816
1421
420
246
3008
5977
4568
4856
5856
3280
9673
6715
5697
1170
2504
4229
7995
931
173
6015
9922
8267
4406
8190
5274
5019
5181
138
3821
4787
2845
5530
3503
4255
1016
6751
7043
9010
4743
5916
6383
8518
6876
885
1561
4936
6305
2491
8004
2740
1553
8266
744
2116
6366
3861
7605
2688
487
4843
6509
7808
1392
9847
9109
8785
8767
9521
989
6481
5727
5003
5938
1094
1739
3886
1018
9038
9436
152
2670
1465
3060
2701
1295
2650
2326
9229
3376
3314
3413
5894
1029
752
2695
8885
7949
4270
5949
7882
8752
5039
7936
2338
2680
2035
3642
1194
3205
1788
3237
6057
4459
3290
1159
8137
8796
5716
7540
3090
7050
9037
7774
1240
2472
2542
4133
5670
2965
4180
3139
6147
2408
8915
2685
4178
130
8236
1796
3324
6546
2714
8617
3045
5428
7134
7469
4129
8488
7155
8847
2258
8845
4026
6897
3270
4688
8463
9541
1371
5652
9876
339
8894
8787
7247
6622
8083
7163
5475
5018
1809
6729
9299
2617
9025
8468
394
6466
47
7494
8167
3657
3366
4763
8015
9279
2368
8298
6668
9724
4737
4437
7643
4511
1901
5910
1467
9081
4506
4916
4337
5260
9154
5304
761
5331
5015
9886
936
6732
7742
7187
2496
7748
3873
3438
7235
2424
9775
3174
1126
5038
8517
4814
7084
8231
8839
5642
986
9127
8736
2840
5828
5696
4066
9985
9944
1583
1864
3611
8098
3241
2568
5657
2750
6911
5172
9905
7881
6286
6192
6690
1479
6787
2699
3148
6273
580
285
5103
7456
4709
3381
6320
3933
4052
4536
1967
5619
5494
1083
7181
8814
4
2760
8506
3467
7112
6674
8197
5000
1019
5025
7014
2216
6629
53
8216
5050
3483
4501
9904
4277
4861
5109
6518
1609
5882
2636
451
8426
3659
6796
9586
6161
2138
2921
9340
1086
5811
636
7497
167
4413
1516
7102
6627
9834
9494
1689
799
3549
2802
8848
1665
2378
7461
2173
7342
6143
2981
7293
5355
9125
7206
9915
8153
1495
2964
6009
6122
9682
2553
9686
6883
7900
6703
3522
3152
6924
6185
7971
3845
7431
8438
3856
3504
9343
3199
2989
6134
7807
5805
8375
1709
7394
1678
7837
6893
7868
2248
5992
1855
6110
6045
1668
7373
5073
4975
1501
5239
7398
8013
3459
2315
5668
9978
8276
3842
1700
81
7241
2046
9995
6845
3631
373
9247
5775
2190
1729
95
861
6216
3620
1220
7363
7769
2734
9157
1372
3590
6279
3494
4442
5559
897
4820
5323
6779
5152
214
7691
8400
1860
2508
7172
8763
1475
5417
4598
5364
4775
925
8738
9677
4853
5093
2957
9250
2869
2877
5554
191
2837
6186
5830
817
8171
6245
3605
3735
1328
9189
5337
7951
7396
6859
3767
4258
7382
5453
15
287
4190
8633
9924
7433
7284
7717
8151
962
7836
3778
3289
689
4220
767
5419
8180
2498
1297
8914
1696
3864
5044
6148
1063
1393
417
828
511
4911
2786
6799
5509
2327
852
7477
8747
3430
985
2517
9033
201
9243
8585
518
1512
6437
491
9795
581
102
250
9265
1214
2048
7767
5168
2541
3059
8071
9809
6025
5946
3588
8589
879
7345
5165
2497
4720
4713
1869
6462
1983
5713
398
293
9898
6488
3251
6926
7338
5817
8776
9044
241
3637
966
9182
2172
4603
3169
1582
1984
2730
2097
8984
8404
3011
3719
4552
2977
8043
7215
6583
4114
7611
6744
2060
3576
158
3219
1127
7729
7407
5681
5329
9637
918
4639
5526
1251
3010
2478
3460
4393
3687
6914
9869
5839
3898
3235
1760
1047
50
7482
961
367
9831
7608
2821
3250
2882
9281
8534
1077
8249
6175
4345
306
1918
2039
2353
6248
8951
7127
4788
2111
631
3768
1145
8371
4163
5623
8850
5113
2141
5902
8584
1242
3901
2363
8742
8397
2696
8993
4944
7220
3939
6209
6502
1715
6265
3829
2376
4949
5708
4423
6321
5454
3239
4262
9042
5646
8232
5996
332
5655
7349
5088
3108
7929
7054
8966
9766
14
9967
7945
2034
644
4497
4662
4873
7595
926
3399
7085
327
7214
2266
6460
2522
6620
1230
8459
77
7852
2466
4209
8723
5803
7005
1228
2249
8052
1359
5310
5761
7301
2930
5899
6419
4658
9036
956
6
1978
3336
3751
4561
1106
2660
6349
3662
9344
9233
546
7261
5258
2844
6365
5672
2863
7274
8886
8636
5363
8927
6972
8934
707
4681
8693
496
5238
235
8798
6826
4170
5591
522
582
7884
9146
523
2033
1890
4840
8514
1745
6548
5013
1028
7298
3042
8420
9059
3113
4621
9975
7621
8457
7794
7244
3629
154
9728
800
7080
9335
5387
8092
4009
1308
8405
9926
274
297
8740
4539
5253
9126
1563
8458
5344
1517
824
2947
1989
4901
6694
2480
8296
7384
391
7786
6661
8709
967
2129
9684
2607
6559
2084
6561
8366
8821
2623
486
4174
1334
4826
5930
9220
7436
7641
2500
5384
9723
626
3854
1252
687
840
5558
4958
342
826
8114
3057
1279
5598
4194
2106
9266
7832
2100
5079
5715
1
4692
7136
3831
8406
3009
6193
7870
7953
6202
8516
28
275
2074
5313
6899
6950
3451
5862
1726
4549
7579
8482
5635
4280
5376
9832
1317
9016
7083
1454
6615
6591
554
599
7543
3134
8094
5844
6424
5153
4760
7886
3589
4795
6956
8436
5734
3809
2002
570
7260
8563
3963
3497
3395
5383
7337
8744
4032
9192
5457
5626
2043
7374
8242
8799
9504
7326
3908
8618
7018
1685
3826
545
9710
3774
1793
605
2469
3969
1904
3967
6393
5569
7340
9953
2380
3437
1225
7339
4014
3536
2600
9074
9093
1232
8546
7999
3846
5720
3415
1811
4335
6894
6249
9668
6482
9050
5071
6728
4482
6041
2928
7454
1068
4832
1363
6165
2285
186
123
3480
8280
7273
2645
2312
7885
1575
7451
9245
1961
520
2691
8568
7716
1714
1137
2549
9198
3841
4305
135
4029
7818
4573
8362
994
1383
9064
2991
4420
3194
772
5998
3081
4857
2316
9175
9112
7897
5372
3551
2195
8929
1895
489
7638
5730
9207
7656
5690
3066
6763
4980
3477
4082
7829
83
7167
6014
2565
7204
6103
8227
746
8504
3105
1079
5600
9830
1923
1536
8320
4704
9228
600
4496
1278
184
1672
3403
1805
9381
9411
7772
9435
1544
4308
4025
4548
654
4304
6269
3436
7560
4915
7309
2638
3999
8764
6886
1084
8178
9333
7057
4005
7280
4283
8124
1820
1608
3025
8207
9523
6966
610
2025
4291
9614
9798
6567
1410
354
714
9355
8604
3966
1540
9415
8768
7110
8111
4218
6521
9742
672
252
8573
5341
9045
1716
2134
7405
7059
3992
9498
2693
2089
979
4887
3909
2503
5847
2413
9568
2893
3282
4448
794
7607
5802
8066
8382
9380
1966
4038
6610
6101
48
3696
5688
638
5311
1012
25
1332
5006
277
576
6522
4121
2396
6798
6562
1388
3196
1098
1037
1500
6590
8248
9949
3808
4686
9823
8149
1878
993
8602
3097
9991
4567
1856
7146
3302
893
3973
7542
3422
1630
2337
5477
2547
2731
6678
91
2908
5762
1784
3820
422
5400
2400
2533
4871
8933
6804
2586
9574
9919
9103
3564
921
594
1593
8321
6984
5158
8
8675
6483
4865
8087
4128
4969
8461
7839
7892
434
5722
4555
8413
405
4193
2575
7565
5295
8710
669
5682
8439
9032
929
6397
9878
6842
6689
3053
606
227
2925
1378
1507
2938
9348
5959
5571
8612
2899
5468
8806
8702
9100
5292
1566
3291
1943
764
8671
9836
535
2465
7738
3685
3434
3364
5390
5836
1834
1792
5416
9041
6338
9088
9116
4495
457
4166
2457
9291
6130
1313
7552
3772
4035
4212
6821
6456
2810
8581
1191
6982
1149
3913
4044
9349
747
9132
4644
2241
1180
346
564
2501
6168
676
6240
6051
8689
3689
2470
5160
6757
4828
148
3597
8460
9092
9772
6968
5424
6179
6478
4256
8891
2277
6370
9035
1847
335
5401
648
858
4061
671
4353
1862
8549
8558
1993
3955
5352
8352
9226
392
5924
8166
3440
3902
6612
4134
2753
8484
5029
9439
1442
6578
2963
7831
3802
9662
2567
950
4160
5482
6906
4631
3596
5224
2023
2254
381
7770
3062
7644
4003
8872
5481
6570
4772
8273
9347
7015
2117
2191
803
2251
9616
9405
5066
6295
319
9726
3599
4440
9773
2820
833
5544
6217
2454
374
8677
4050
4801
7844
8832
5822
2213
216
5984
3610
9482
7690
5543
414
5413
1840
3165
7124
8550
5633
6531
3505
9284
103
5388
445
4254
7511
2183
4762
3193
717
1335
697
2784
8794
1887
7441
9570
4338
7946
1248
4438
8593
7042
5768
7111
3099
1427
1243
9579
5322
5491
6764
5889
9306
1886
9261
5878
6599
5216
6271
9729
4678
9193
4673
8027
1176
6827
3106
6152
8673
9512
7842
2098
1990
2484
4407
5795
9950
6505
5706
8046
2886
1160
5883
4635
8473
6318
1749
9553
8625
3941
6319
5712
8871
9354
1215
5123
6851
4077
9437
9398
3993
2178
4037
2264
6140
7327
4804
4048
1409
753
6971
4099
7600
1254
9128
5049
8344
1452
6980
2932
295
5827
4306
7271
4513
5582
6256
3003
7825
8059
6713
128
3274
3138
3031
6026
3570
8746
7437
2029
9654
9641
2067
8707
3248
2940
9966
7737
771
2269
4882
4566
3601
2554
8051
3405
7815
9366
8971
5639
6060
8268
9517
2717
8599
9331
6350
9136
1708
4995
2583
1752
175
4303
5948
279
3675
3210
3742
8944
3694
8959
6944
880
9628
5703
539
1423
9417
7072
2806
2072
9058
3378
6960
7372
8062
701
9496
4130
6686
7067
2137
1946
9316
5911
3470
2712
3750
7150
5262
280
6088
1325
730
7375
1338
8925
7630
6745
8421
5997
6653
5351
4266
5638
4582
3869
7366
1376
3418
8161
587
9248
4234
4808
1005
2971
474
5402
9158
4997
3002
7657
7388
6609
6005
2221
9214
9615
1509
6284
4732
8345
9658
6802
4526
5356
1453
2352
9863
16
1953
8175
127
6641
4418
1040
5493
7753
1004
7845
219
1113
4977
3317
6055
5838
3796
1980
3471
2842
4983
7192
8293
4875
4947
7637
7687
5587
3115
6428
8419
9144
8429
1912
7930
4646
2103
1152
7652
4028
7041
8525
372
4086
5876
6879
2669
3964
4756
6354
5041
2091
5676
9931
5714
3228
7236
155
4020
9530
5505
232
1758
1775
866
3656
6789
6645
4953
9463
3323
7168
8805
1754
5640
3728
4239
1434
4430
9418
6447
8613
5133
4470
4675
7354
447
9224
2905
6003
2279
2005
9429
224
5898
6247
5115
7237
5163
4316
8148
1315
588
9963
9865
574
4604
6846
7445
2571
8007
7328
9262
6290
3681
7858
4451
6726
5880
6377
5114
4715
7074
7387
7575
5936
3622
5985
6912
8139
1542
6432
9789
9826
698
2751
6174
9488
5818
678
637
7520
7101
9652
5256
5441
1269
972
9135
379
5610
7997
3052
3063
955
8377
591
9441
5721
6382
8718
4326
8005
1776
3005
4729
9703
7888
6861
1519
2007
7380
9406
1683
8123
3201
3335
5243
9970
1156
7507
4498
7776
5663
8449
8773
9066
1893
7840
6288
7343
1341
2934
3991
8783
6369
9253
2652
1676
1008
7281
1548
5028
6389
5615
5285
3127
2544
2130
4415
8928
8263
3639
9526
6684
9788
5777
4999
515
4655
1336
1340
5391
9720
4616
6163
7599
8807
8106
467
7784
3310
6208
4434
7439
6989
296
968
4450
6587
3182
5832
7627
2416
821
818
5583
6626
4765
4399
984
1406
9492
2725
664
3307
7115
1991
3627
549
9873
3176
5879
5001
6819
5564
682
8825
973
9977
6268
2438
7568
5527
5405
3464
1135
2318
5156
8314
4670
5983
7415
4868
6154
9626
7496
1931
7066
1637
7188
5316
6877
2711
9747
8391
9822
5906
6768
6755
9994
8491
1941
3579
8792
7320
7759
3207
3698
5548
4626
2628
1311
3732
3839
7416
7526
5021
945
9891
2776
4155
4510
2894
2317
2427
2874
3488
3262
4491
4903
8903
4273
5495
7698
8611
7805
1167
3304
5320
553
2984
6131
2052
3410
923
1950
6215
1794
643
8945
8209
550
1386
6513
5684
2956
2653
4990
5138
7060
313
3212
4267
1774
810
6964
3489
1874
6332
369
4570
7705
6317
6711
6857
1881
6438
3733
559
8608
5427
9660
9419
6214
9542
9169
827
5397
8290
3528
4090
9859
7336
6405
2313
3023
307
2341
5281
939
2545
4643
1428
9408
9880
9244
5026
3666
7998
480
2397
2441
458
7406
2602
8703
2580
614
2415
2335
5121
7689
3948
3575
8522
2520
6719
9160
2668
3206
1971
4718
7413
6411
2165
3930
8661
6243
9130
519
670
8567
5964
7362
1250
4904
9741
1735
4742
548
3093
6096
7806
6312
3197
9979
169
144
5004
7164
404
9727
7086
8687
6720
801
2270
8748
5300
5628
528
7707
9814
2536
8797
1373
7484
2723
3974
1896
1146
505
9156
2952
3428
5774
1188
796
6080
8131
5686
6291
6493
2356
4796
1140
6359
9818
209
8565
9479
5162
9270
9272
1435
6316
3520
5913
9465
6280
5279
3254
7938
8994
2789
1491
7212
126
4940
4461
1551
9390
3947
6939
2073
9697
2606
9593
3295
160
4815
7667
8523
7972
9776
4312
7876
3792
9605
7872
3874
1418
49
8299
3175
4111
1082
8586
3022
9421
4617
571
7097
5873
4006
9969
524
7335
3665
6465
6011
8918
6213
3230
5132
4140
4806
7795
5327
592
1588
8635
3585
5905
6000
1397
4381
6287
4375
5439
6771
4492
6976
3474
8981
5594
5872
7948
2713
2161
4942
995
2997
6832
4489
9476
4072
7739
4069
8941
3303
8820
4637
4502
1863
7213
715
7253
9241
1761
9218
1508
8883
9458
6742
1936
9547
55
263
3258
7976
4259
7333
7254
6888
3862
5263
4205
2085
302
4851
3249
1351
4019
4057
9352
4070
6887
2939
1093
1121
7669
1369
7098
7399
3204
499
1060
2171
7954
6351
9404
371
6808
4588
6961
3478
5207
4045
7232
6540
6277
4419
8840
8580
2119
1718
7679
5054
9520
4328
1649
7617
7559
185
2108
2459
5478
344
4580
9537
2873
4499
213
477
5776
5241
2674
9842
1059
494
9122
8132
3618
9084
8946
8657
6809
1622
6300
8909
5921
7709
704
3815
845
700
3330
3560
8539
7741
7311
8252
6937
8194
4912
8411
7681
1306
9577
867
9115
4870
2524
642
9434
3965
2379
9954
990
100
9277
3072
5903
4899
5078
7658
238
1666
2651
4545
6913
6138
1052
37
6386
8082
6921
4331
9427
1034
8603
1219
860
5845
2115
9722
7371
258
5557
7403
3245
6047
492
8177
3426
693
4324
3981
5280
2208
850
3421
6727
1813
8705
2395
4648
6203
1728
6125
1543
2365
6050
5562
3878
5048
7002
9785
5332
2321
5975
4660
2794
3801
2865
3931
4094
4357
999
4181
4378
9414
2244
5137
7383
9581
9911
243
7731
660
2448
7258
395
1267
101
7843
4770
6062
3676
1324
7318
2962
8237
4694
7058
9857
9190
1085
4103
3990
8140
8732
630
1032
6403
6795
2350
9147
3083
7847
5173
1109
8866
2615
7973
1165
3104
4581
1667
7479
5177
5675
8495
9538
1347
8801
6049
4554
7854
220
2291
1014
4928
3949
3107
9111
1533
5577
7537
2739
7352
2572
5187
3114
2854
895
3462
2961
7855
8342
3454
5618
6489
2245
9848
9635
6981
7777
5860
2493
7835
8357
6032
5421
5603
3532
5464
806
9350
6814
5521
9423
5047
6696
5588
3367
7305
9049
8195
7636
2534
6758
4246
9906
4097
8680
71
6331
586
7694
6753
4667
7004
9155
132
8587
5232
4469
3978
8530
6718
6754
1451
4629
3362
1166
665
17
8987
2807
7921
4329
4030
9471
5154
3667
3626
5804
69
6604
2144
2579
9246
3185
8053
464
3087
1255
1199
7297
4217
4564
6519
3526
815
178
5531
7432
7517
8818
3333
8347
264
5436
2232
3313
2967
2705
8923
4058
9199
4100
4386
7035
1626
6427
2354
9507
2969
4727
2184
8583
7586
4018
5157
2268
4914
2951
3910
236
4878
9356
3173
7378
3544
7665
4784
2644
1743
3266
9755
4080
1309
7480
1268
8100
2107
88
2404
1618
9511
273
4685
7642
6294
5616
7775
7675
6983
2745
408
269
6155
1703
1438
812
3089
5381
9002
5120
1189
3814
1927
8474
2718
3905
4150
5871
6341
2205
5068
2528
4141
768
3350
6666
6600
6536
765
8545
3818
9062
3699
6068
5148
6707
5685
1591
43
4412
1124
8873
4504
1053
8234
7019
3945
6979
7306
2943
4529
3984
98
1721
1235
1657
6606
1150
7029
2569
6721
5951
7585
6198
6097
1838
330
2592
3144
3557
8698
1285
8127
8396
7157
621
8674
4973
429
7867
8979
4013
333
9102
6235
7332
3309
6810
2987
190
7151
2797
9256
5425
5537
4745
1364
3166
2885
3531
702
2473
7030
3863
5958
5814
534
2758
6792
6891
5142
6206
6391
7331
836
7400
2743
8225
3577
9558
1803
5586
6554
6749
8284
9751
2015
6695
712
8077
3726
3389
3791
7367
8579
4202
6835
8355
5298
7144
1289
5450
1196
9971
5118
8117
5585
7634
471
3427
6856
9783
7355
8065
7990
8956
8086
7718
2754
4265
6892
7191
8524
8631
1914
9282
5096
6920
7728
6910
6532
2850
9840
3706
4487
6453
8862
7082
3740
9764
3707
6723
6936
2243
8056
2915
5373
1096
8578
6940
7967
1753
3394
5097
6919
7851
9357
4521
913
9632
2525
6625
8390
2555
6061
7684
2825
8193
4392
63
4071
5251
3448
6896
2235
5886
2364
2975
569
8433
5265
9108
3384
4571
1147
4793
2540
8324
741
2682
4156
9664
8415
6811
448
1644
6671
8503
3738
7572
8520
1205
7414
4383
932
598
2839
9604
58
146
6560
2369
9793
8833
7519
5070
4143
3337
8972
1587
819
9624
9460
3593
4240
4148
2476
8699
3646
4284
5213
5841
6106
8855
2993
3654
9552
4971
3918
3265
8902
7282
1525
3257
876
8235
6187
4923
3641
4168
7010
6422
9518
4000
3024
5254
8786
1915
6033
1175
5632
4929
1706
2411
6503
3283
6542
9757
775
9305
1614
1682
8441
9786
4286
4081
5058
8555
4366
9513
7889
1161
498
584
2361
1643
5976
756
9548
6436
2591
9846
1463
716
3832
3727
8181
5375
6970
1579
2018
830
137
483
5129
6647
2382
1483
3743
759
2646
5324
4124
7125
225
5014
3912
4374
4408
7633
8728
4960
2530
3490
639
168
8708
2410
9023
8664
9601
558
8842
7173
4296
1071
1395
782
4046
3086
8479
9881
5361
7123
957
9230
412
5794
7313
8831
9087
5900
8023
4211
3573
6776
2014
4349
934
2584
4867
1712
510
4219
2306
2475
5267
7752
5043
6831
9164
3147
9422
8630
7820
1497
1664
1871
7211
5574
8102
795
7620
6635
1740
3697
1504
3635
6083
4116
4445
992
1635
6929
6512
7677
1468
205
3956
2891
4848
4453
2334
3192
149
3800
4063
6549
829
1748
6825
5307
8229
5644
7170
3951
2898
9960
5470
3322
1640
6442
6675
1594
9576
2142
7554
977
5245
7991
3835
2247
3156
7402
2366
1585
7034
7379
4083
3121
9687
5979
1824
1624
3329
1033
8021
7965
3508
5474
6022
3069
7161
7823
3297
6898
8198
1514
851
8691
3932
6523
2892
7906
2336
2401
9990
6673
27
8407
3783
6767
8656
39
8183
166
5179
635
7746
889
4477
9240
2293
2612
5881
495
6164
4800
9638
3734
7822
256
8333
4481
3903
6236
3404
1246
8218
8341
5291
4237
1401
9273
6084
4227
5665
104
4837
3112
2477
6390
1787
6527
7577
1795
5186
1203
2227
6159
1305
958
7736
4596
7547
9879
8622
4576
3959
4524
4665
3487
5861
3889
3070
2140
2201
9784
8949
7458
3994
7377
9399
9591
7941
2276
9714
3853
4271
7395
3619
7968
3214
6829
8259
6387
7962
7286
3790
3095
760
1277
8054
887
9920
8829
8750
2720
363
8905
976
2430
3538
8667
9216
4972
1955
2061
4919
1762
2265
24
1239
6769
8898
8339
4200
8156
4102
4703
1193
9698
5658
9268
4978
1323
2973
4740
4398
668
4421
8155
8999
8141
9838
2135
4516
9996
680
2076
5037
7012
8897
5426
1554
9606
1584
9003
119
3747
7270
3858
3495
963
1639
396
3647
2889
3607
3096
9280
8986
7257
4192
4782
3811
1797
1876
7149
1449
3429
3850
1168
3377
6794
5328
9303
5407
6880
8531
7647
9717
2880
9485
1238
5440
4707
4429
1808
2063
1655
6709
4439
2672
1431
5161
9296
1013
2812
318
2322
9026
7598
2907
1088
1148
7580
9302
9716
75
5732
6340
5766
7932
5919
5797
9456
4261
5348
9791
551
6452
6302
4426
8857
6205
282
6656
5680
1190
4060
9633
3722
6227
2193
4253
3569
7522
3271
7747
8047
5669
7389
9178
6986
5842
7065
9251
8830
2263
6813
7555
8146
5512
2922
1349
9810
315
2049
4115
1174
5654
7614
5444
382
8068
1663
5693
9298
4700
7276
7182
6121
4659
802
6957
3259
8243
2215
5393
3351
2785
4088
2095
4402
7780
949
6737
4358
8782
6461
8365
5175
300
3730
3921
5519
6828
9236
3725
2582
9078
2370
5264
6988
3126
9833
4252
6614
3784
4119
2788
8199
6866
4062
1711
8988
8610
7993
5513
5033
5511
5560
452
8494
2558
4236
3762
3420
267
5859
461
8265
6345
9365
1692
9888
1616
7682
7000
4249
4245
8257
3461
3094
8162
9040
1892
9704
2128
774
3111
4447
3181
1987
6035
1558
444
9370
7558
3073
532
6194
2255
6806
3781
6553
1233
4016
5606
3718
675
6858
1625
1314
2742
8326
4473
997
8477
6126
7299
1903
4769
6853
7227
9721
791
2488
3812
54
589
7671
1846
1660
8215
5380
9131
5042
210
1089
3433
6085
1705
4702
8253
9715
9862
4518
5045
7700
3934
1128
2325
6485
261
2036
5065
1697
3221
3256
2333
9907
696
5485
7590
8104
3155
5459
3880
8381
6017
7341
4932
1623
5180
3679
5105
8393
8196
4968
5445
6222
4824
8838
4835
9143
8975
8896
8009
3686
2331
901
7219
3823
5333
5929
2281
5849
6145
2884
1674
8828
8922
2490
2872
7712
9725
215
5710
6188
2012
1765
7291
6700
2406
5687
7288
1164
9557
7491
1999
2770
7381
7864
8985
1104
7913
3456
4618
5525
4696
4290
1157
9901
3491
8040
2055
1932
3128
7509
6440
2167
3507
7833
7099
8417
8012
9372
9500
8808
1178
4537
349
3519
6019
106
8399
1802
9329
8447
3117
1390
4307
8790
1050
783
5250
4759
462
8026
3189
7047
9806
4350
4187
865
133
4263
6800
4619
4798
3702
7549
4892
1613
7793
8233
9625
7804
9853
1484
8250
4467
6420
2859
9047
9185
7890
1107
6739
5595
6563
6576
2233
5087
1628
9587
8628
6099
2826
5385
4690
3354
7622
3890
1769
983
4444
4351
1072
9666
8028
8001
234
1799
4522
1701
5736
7765
8789
9956
321
3754
3958
1186
1764
6283
4207
1222
6619
1480
1493
5359
2381
5689
1283
3824
1883
2927
9630
4931
2223
1771
4672
6860
6339
249
2417
2226
7879
3542
3268
2706
9689
8412
6500
240
9159
5625
2257
7860
527
8640
4216
1299
288
737
8373
187
1611
8637
364
8271
2071
547
2811
2127
3776
6931
4146
7732
2292
8096
7393
9861
1020
8258
982
3092
8336
7208
2420
3540
329
5547
5523
8297
9536
8823
393
5314
6592
8793
1638
5403
3353
5126
5317
4494
1432
1320
3650
6830
6325
6304
8118
80
7429
9573
4970
9311
6781
9325
1779
1470
3180
9837
3355
4463
356
4457
5423
7604
9510
7279
7242
2157
3553
2077
4157
5890
8500
4242
8164
4738
4122
5095
253
4164
4791
4879
5724
1227
572
115
8058
7964
3457
8061
736
3555
8940
3014
3374
3269
1526
7814
6158
7474
1038
6093
7566
7119
7246
3273
9330
361
1286
6218
6607
537
4541
8990
6363
1065
4753
2970
5798
3529
9202
9361
6301
310
5127
6652
7209
7410
8168
9235
7094
2058
6334
5283
6872
3779
3785
5991
9387
1134
5225
2218
9887
705
1132
20
376
8772
3867
2833
7017
7725
8466
9620
8688
7411
7534
6805
9802
4714
3936
5301
8115
5516
8174
2846
5223
8716
8378
2994
1425
1727
2020
6358
3556
9644
3278
7361
6337
5510
1144
437
8201
6142
5472
3338
2647
4135
181
5966
7798
9734
3476
6323
2780
9580
9683
5076
76
9699
1273
1910
6362
8224
2050
118
8757
6211
9554
2499
8509
4790
8017
7252
5767
2198
1921
4458
4989
6584
8188
4846
9866
4699
8291
9974
9843
3315
9533
5892
8244
1430
7927
4008
937
3511
5002
3780
5855
5826
8394
4388
8434
7925
8403
3757
4250
1515
8033
6923
5189
543
5576
2342
3047
2733
8623
6785
3866
6774
8777
2059
1231
7510
666
8080
6545
7056
3218
5034
4777
6550
3463
6371
5473
780
1574
8187
231
3247
8097
7744
6901
4786
4101
1651
8973
8761
9467
5961
6167
3828
4849
1266
651
1719
1822
9562
8204
662
1801
2452
453
9551
6230
1333
5228
640
1604
9176
5389
7370
6797
2278
4480
3797
6310
8372
1963
3868
943
6053
2494
6398
8819
9921
7827
8452
5753
2619
1361
390
6254
7947
357
1404
7233
9908
5940
1099
2858
9858
1303
2917
4405
849
9024
6281
3761
251
3286
323
1184
6232
5101
7498
9012
1264
3937
9893
8144
6579
3311
5813
9693
987
4221
2671
7660
2421
9754
9981
325
3423
3034
5229
4739
8804
5735
64
9634
6021
6878
6916
8629
3388
9445
9118
456
7077
2822
6959
8260
478
6534
2640
6864
1859
9174
2147
577
1866
6552
1293
1069
8478
2330
5778
1492
8505
4325
7792
9188
5731
4684
8119
9368
8510
1015
710
1650
2006
3663
8992
9918
402
193
112
1208
4812
6900
7639
3777
7221
3432
6558
8753
7841
7593
6289
2194
7514
7799
9984
6869
9227
1022
3408
8442
9685
1620
8670
2608
4600
3807
5460
1562
4924
4363
6296
4666
9172
2689
7603
5514
7766
4623
5608
8306
3306
3847
6429
8073
4827
854
9567
9767
3539
5220
8159
2950
6153
3621
2298
1046
9301
2170
2663
400
1403
6655
3455
3275
5704
7686
6572
3985
5005
3320
3683
5726
3051
141
960
6756
6443
7135
9779
7899
3510
3223
9958
7553
4377
7438
8668
616
2439
4340
3729
6368
6586
3468
4614
96
1586
7184
8653
7267
4711
5247
9234
4162
8464
3160
9133
8887
5082
1337
4024
9090
3810
242
8672
4654
415
6954
4632
9319
7452
8616
593
1265
6151
3920
5746
8575
265
3979
2912
1823
4403
2736
6494
5306
8255
59
2986
7177
1001
2143
1996
1541
7200
5848
2384
6182
2852
920
2929
222
3007
7733
1092
8125
1545
6348
6589
809
5116
2853
7816
8695
1780
2942
2423
5394
4922
601
3798
5868
2635
70
8626
832
3677
8408
7674
9649
9730
2301
3849
7512
8731
8165
4449
3493
6207
4319
8924
4563
7904
5852
5742
9854
595
6225
5969
3137
9860
964
3970
5809
3875
8852
969
9952
9271
1344
1447
5357
3788
7062
8431
4483
1274
5443
2879
8469
4197
6710
3401
1974
6278
8859
6439
8791
5408
164
3469
3357
6631
8660
8285
8274
3737
927
8398
7073
2027
2633
4053
6219
4525
4292
23
5522
2133
896
2654
6868
4935
1346
465
314
627
143
8912
6862
2418
8706
8307
7874
2187
6967
9707
8901
2180
317
7440
9120
2123
628
454
6414
8379
6406
5125
431
1928
8401
991
1737
1819
5967
9020
7984
8878
786
5176
565
9237
1547
1125
3407
1177
6613
6501
9524
8913
9076
1257
9412
6750
151
6139
7278
3804
2992
4012
3334
6867
1607
3759
4591
7801
2234
8826
331
2412
2132
608
5136
9821
2866
9761
9961
322
7079
6344
3386
1806
6128
6692
1307
2340
9987
1528
6643
9351
4022
7026
8392
5188
6585
8846
6195
2556
6990
6412
46
9029
1182
3614
7055
1680
692
5382
9559
5206
9916
1206
5962
2168
4313
3318
3179
1209
6639
2125
7103
5763
2209
2202
9527
837
5918
2462
9061
2428
1400
7524
6685
3368
8387
4927
192
4730
5698
6525
5219
7116
1414
4774
4674
6156
6602
8513
758
6328
792
7420
4723
4074
5783
1951
2744
813
1446
1143
1102
9712
7883
8827
8942
5367
3100
632
355
3773
6624
203
9364
3040
655
6253
2732
1382
9308
6388
426
8251
2543
1577
5287
1402
3500
5227
9312
6691
7143
6270
7567
3157
5575
2953
6865
6234
9327
6773
2537
257
6945
1439
1044
4410
8325
785
4641
5754
4557
6490
7715
1671
8281
7250
3037
7550
8634
3623
3924
5431
7969
5261
4364
8954
5947
4089
2919
1343
5629
3586
905
7156
5489
8142
6274
3101
6510
5217
9640
8109
4556
2339
179
7307
9314
6282
2805
5203
2609
9313
443
659
8110
5270
4589
1304
6623
1621
8312
5377
6998
1670
2673
3188
6664
1830
52
8332
3513
4425
7228
3946
8645
4939
3950
8743
3669
5469
7813
6477
8192
3224
140
8103
7680
9976
9438
2773
8947
4117
4428
5816
1003
7830
6111
9004
5190
4365
6524
9328
7024
6588
5637
4634
4902
881
8642
811
4095
848
3923
4142
4542
207
4620
3398
1870
1496
2835
5069
1355
8432
9505
2937
629
5792
8323
266
5651
2985
2118
109
7490
7905
8535
2362
7408
9396
567
3935
2200
4876
9119
5747
7952
2104
5347
2405
3906
8662
8978
6098
6141
7487
7249
7032
8741
5083
2729
4065
9294
3352
1659
6511
1212
1679
427
911
5149
290
1061
472
9667
1441
8385
1995
1399
4105
7205
4877
5733
2328
8624
694
4462
673
2210
6978
504
5533
6528
2287
6018
6557
6597
8666
8937
2105
9148
3701
6714
7081
2735
9165
9225
1155
7678
6848
2563
5506
9575
5915
9075
7521
5072
5064
378
3840
8713
8072
9021
4515
5934
9205
5411
1842
2749
3595
8892
7117
8272
7525
497
6262
4443
1462
7887
139
4957
8019
2726
3516
2481
1865
6687
4446
7358
8270
8900
8714
9444
9395
4281
9487
5343
1021
4847
1272
6975
9378
7601
6455
6839
8063
1687
1831
2032
9450
7570
35
1407
407
914
8809
8214
4750
259
8492
4274
798
468
124
7025
1379
4885
4829
1381
2990
1576
1778
1131
1339
7463
5974
2576
6170
722
3050
4397
9983
9999
4519
3120
5434
6181
9844
9426
1058
7740
9379
9819
952
863
1791
8205
841
3537
2156
9173
2655
2527
1066
7676
6932
4175
8651
2634
5641
2495
779
8493
4778
7190
3535
8977
5465
6221
3502
8663
8498
7613
3027
9690
2399
9799
2901
2795
3972
8437
1370
7701
308
2687
8304
9982
7528
5205
4630
2222
1316
6573
2551
1770
5386
8869
172
7037
5723
7210
6322
869
5627
4959
5415
6395
3118
3479
6476
8722
7987
3178
6199
3390
248
2737
684
7145
6953
8376
8543
1589
2827
3691
4964
7880
1354
9483
159
8893
6934
4797
5231
7245
9274
2030
4409
3406
2282
1007
7911
2455
521
9473
603
3211
7574
3997
8939
2177
8327
8480
6144
1962
4177
2875
9080
9835
5302
8841
6430
5945
8591
4317
4569
7928
2704
7423
8446
3838
5589
5346
1270
5779
3373
9646
647
5566
742
2864
6308
5094
9875
4468
4153
7898
4195
9318
8595
5435
7419
8238
9895
7778
5204
6067
2849
3795
4758
8935
2978
7877
5040
1959
9183
8069
1907
4427
4708
4172
9955
7091
8639
8383
9807
5953
2086
8596
525
507
6834
6183
8499
6112
5787
7443
6407
8076
8485
4036
5837
6409
4907
2766
1653
9642
909
5208
7708
4104
5107
4007
7653
4021
5458
7943
5392
1559
5674
6676
8185
2403
7861
7036
4859
67
9732
5342
66
1538
2358
9231
1958
6108
5462
3521
5319
7518
9670
8275
6137
3855
1396
7140
2658
6969
8228
706
8758
4396
5433
2113
5840
6949
4226
1153
2926
1319
7071
8303
2590
8607
7312
7122
4201
7300
2834
6330
5622
4355
7703
793
5012
2830
3995
4268
1938
6533
4852
4485
2211
3524
6066
9388
5067
4243
3253
8571
7573
6454
9309
7926
6780
1368
7869
5209
8856
2149
1221
2841
2512
9680
9409
6568
7826
946
1057
7544
4210
9338
8765
5719
5502
8632
4436
3452
5755
9882
8024
7478
9711
690
3425
5487
9544
9489
930
8884
7907
9286
8064
5806
529
1920
2832
8745
3952
6040
888
6109
5875
1518
3124
4895
255
7107
7556
4282
578
4905
4736
2728
5702
4839
8597
4864
7724
3892
5288
6598
2620
5197
4701
8018
9186
4479
6246
2013
5451
3704
7093
8811
5647
6836
1503
6394
7891
7255
2272
9466
3879
6760
2151
6759
9213
9292
1973
1568
6633
5725
9142
5446
4414
7989
6016
4691
5695
2166
2851
5452
7369
5507
6075
8184
9211
7113
1654
2836
7499
6999
6008
2467
8701
3161
3876
8572
4346
8107
5366
652
7591
9569
8655
4636
8692
2613
4941
9759
3548
3643
8919
7464
4251
6486
7368
7711
9805
723
8467
6738
2041
1197
978
1790
1732
1437
272
5308
4152
3692
3582
7503
1899
5429
85
5870
9777
440
3755
5237
4844
4966
5218
2643
4075
9619
9393
2906
9647
5888
8487
4809
2031
1473
4373
6870
6272
8338
2914
2294
4289
6266
9223
7755
9071
9470
9013
6640
3140
5051
8858
5904
2639
1217
5230
6566
3208
6699
5749
8863
4033
3655
2550
6593
912
3885
5599
1610
1006
1861
3018
3365
1982
110
9758
2790
9401
3822
312
9782
844
9927
4612
4625
6059
4334
720
6555
1924
9529
7159
3980
3441
9597
8346
6176
7076
4278
6473
7225
9209
8904
2895
5063
7178
3158
2038
2139
6492
5957
6037
1117
727
7489
5955
4587
5235
3690
1818
6264
7100
4285
1223
1556
1253
1524
8356
7749
3325
9140
9242
5480
2959
5268
9643
3983
9410
8287
9217
6841
3004
9706
3927
2120
7153
4647
5368
1829
1656
6765
2044
9653
4910
2803
9168
7587
3887
2458
625
9534
6444
8364
8648
7862
171
5927
9894
9322
6043
2662
3187
1845
8907
5692
5942
4310
2681
8867
4509
9163
1245
2087
3710
7003
1777
5135
9219
2949
7314
3724
1179
11
8455
4512
1207
7412
2656
7625
4476
4203
7673
2016
4127
3190
9334
2519
1602
1433
677
1249
3904
1163
365
9117
5785
882
5059
9362
1478
3084
30
981
9310
2727
6741
8696
6094
7263
2355
8685
5922
8711
590
3860
2793
6071
3029
917
1909
2589
5770
3603
4776
2162
4367
1730
9957
7259
1877
8880
5294
8317
5062
5952
4863
5771
3243
8592
2453
6467
8414
9293
5422
4891
3033
6977
721
9903
9451
1464
9596
470
1412
7696
7264
2578
5933
1138
8844
6315
9925
7785
6596
4985
433
5865
1202
7418
1440
5194
1192
6565
8554
5504
686
6951
5941
9508
745
3088
6450
1702
6104
4456
4613
4855
93
9053
9238
5409
8943
857
7530
9749
8643
3447
1353
4092
3672
1114
5786
3300
2976
2347
9363
3837
4145
6514
7175
3899
2694
435
7562
108
7325
2605
6223
7659
1520
7506
9827
8960
7803
8658
421
5660
9179
1064
9566
6313
8070
2182
6943
1900
7472
2360
2913
1690
7470
8557
7589
1807
769
8974
3640
3164
9394
2252
3998
9909
2468
1074
5289
8471
2434
7533
406
276
9708
3636
2796
3711
4411
8367
2622
1474
7500
7824
3684
3720
9651
9973
7045
7619
9902
3131
4982
6740
5226
2000
4034
3688
9300
8851
8035
7693
5877
353
8067
2861
1154
399
9086
3026
4206
6258
3541
5831
615
2009
4294
1237
740
2791
9304
2532
3834
2867
6487
7508
8775
9735
892
4215
2748
6028
8450
1139
8916
2351
6803
1560
731
5499
4716
309
5370
5284
6418
286
517
835
9655
4606
5309
726
5098
6642
3449
1888
2136
8725
2824
2152
1781
7754
1108
4954
1894
6844
3960
7541
1535
3015
4538
3349
5923
5404
9215
9260
2960
7966
3263
6434
1534
2231
9648
5662
9315
3545
781
3894
5780
602
3046
7075
6200
7287
6884
6124
9486
7289
2239
948
22
8955
1759
6132
3431
9095
403
9613
9289
1619
4553
8715
7022
4934
380
2080
623
3371
2176
8427
7256
9997
4896
9278
9264
1981
6650
4136
7023
5874
1954
3383
7942
755
3017
7040
620
5330
2122
3227
6724
9618
8440
9097
9373
9962
7773
9794
4866
7545
8678
5214
7606
617
4880
4478
3709
2632
3240
1852
359
5679
5579
5605
8690
5782
1443
3928
5982
4663
5978
3132
1940
1318
859
4339
8240
2848
8113
4514
1234
6850
699
1342
6475
4384
6833
6682
3653
3203
9874
7106
6746
3466
8269
1832
7934
3039
195
4098
5750
7649
3109
2064
5772
3123
3989
